0 0.09516796875 0.9015000000000001 0.026273437500000007 0.03911111111111122
0 0.8291718749999999 0.9488263888888888 0.02240624999999987 0.03654166666666659
0 0.35718359375 0.9367916666666667 0.01592968749999999 0.03469444444444447
0 0.13530859374999998 0.19613194444444446 0.01592968749999999 0.028375000000000008
0 0.57647265625 0.5670069444444444 0.015445312499999985 0.02290277777777779
0 0.0203046875 0.5607916666666667 0.014046875000000004 0.021583333333333284
0 0.33251171875 0.6672430555555556 0.013460937500000015 0.023375000000000055
0 0.21947265625 0.746423611111111 0.017070312500000018 0.028958333333333208
0 0.18512109375000002 0.10277777777777777 0.012429687500000019 0.03333333333333333
0 0.74794140625 0.19236111111111112 0.017757812500000015 0.03194444444444444
0 0.50163671875 0.46319444444444446 0.015773437500000043 0.03194444444444444